x,f(x)
1.517,0.000937374
1.517,0.000936421
1.517,0.000935467
1.517,0.000934514
1.517,0.00093356
1.517,0.000932607
1.51701,0.000931653
1.51701,0.000930699
1.51701,0.000929746
1.51701,0.000928792
1.51701,0.000927839
1.51701,0.000926885
1.51701,0.000925932
1.51701,0.000924978
1.51701,0.000924024
1.51701,0.000923071
1.51702,0.000922117
1.51702,0.000921164
1.51702,0.00092021
1.51702,0.000919257
1.51702,0.000918303
1.51702,0.000917349
1.51702,0.000916396
1.51702,0.000915442
1.51702,0.000914489
1.51702,0.000913535
1.51703,0.000912581
1.51703,0.000911628
1.51703,0.000910674
1.51703,0.000909721
1.51703,0.000908767
1.51703,0.000907813
1.51703,0.00090686
1.51703,0.000905906
1.51703,0.000904953
1.51703,0.000903999
1.51704,0.000903045
1.51704,0.000902092
1.51704,0.000901138
1.51704,0.000900185
1.51704,0.000899231
1.51704,0.000898277
1.51704,0.000897324
1.51704,0.00089637
1.51704,0.000895417
1.51704,0.000894463
1.51705,0.000893509
1.51705,0.000892556
1.51705,0.000891602
1.51705,0.000890648
1.51705,0.000889695
1.51705,0.000888741
1.51705,0.000887788
1.51705,0.000886834
1.51705,0.00088588
1.51705,0.000884927
1.51706,0.000883973
1.51706,0.000883019
1.51706,0.000882066
1.51706,0.000881112
1.51706,0.000880158
1.51706,0.000879205
1.51706,0.000878251
1.51706,0.000877297
1.51706,0.000876344
1.51706,0.00087539
1.51707,0.000874437
1.51707,0.000873483
1.51707,0.000872529
1.51707,0.000871576
1.51707,0.000870622
1.51707,0.000869668
1.51707,0.000868715
1.51707,0.000867761
1.51707,0.000866807
1.51707,0.000865854
1.51708,0.0008649
1.51708,0.000863946
1.51708,0.000862993
1.51708,0.000862039
1.51708,0.000861085
1.51708,0.000860132
1.51708,0.000859178
1.51708,0.000858224
1.51708,0.000857271
1.51708,0.000856317
1.51709,0.000855363
1.51709,0.00085441
1.51709,0.000853456
1.51709,0.000852502
1.51709,0.000851549
1.51709,0.000850595
1.51709,0.000849641
1.51709,0.000848687
1.51709,0.000847734
1.51709,0.00084678
1.5171,0.000845826
1.5171,0.000844873
1.5171,0.000843919
1.5171,0.000842965
1.5171,0.000842012
1.5171,0.000841058
1.5171,0.000840104
1.5171,0.000839151
1.5171,0.000838197
1.5171,0.000837243
1.51711,0.000836289
1.51711,0.000835336
1.51711,0.000834382
1.51711,0.000833428
1.51711,0.000832475
1.51711,0.000831521
1.51711,0.000830567
1.51711,0.000829613
1.51711,0.00082866
1.51711,0.000827706
1.51712,0.000826752
1.51712,0.000825799
1.51712,0.000824845
1.51712,0.000823891
1.51712,0.000822937
1.51712,0.000821984
1.51712,0.00082103
1.51712,0.000820076
1.51712,0.000819122
1.51712,0.000818169
1.51713,0.000817215
1.51713,0.000816261
1.51713,0.000815307
1.51713,0.000814354
1.51713,0.0008134
1.51713,0.000812446
1.51713,0.000811492
1.51713,0.000810539
1.51713,0.000809585
1.51713,0.000808631
1.51714,0.000807677
1.51714,0.000806724
1.51714,0.00080577
1.51714,0.000804816
1.51714,0.000803862
1.51714,0.000802909
1.51714,0.000801955
1.51714,0.000801001
1.51714,0.000800047
1.51714,0.000799094
1.51715,0.00079814
1.51715,0.000797186
1.51715,0.000796232
1.51715,0.000795279
1.51715,0.000794325
1.51715,0.000793371
1.51715,0.000792417
1.51715,0.000791464
1.51715,0.00079051
1.51715,0.000789556
1.51716,0.000788602
1.51716,0.000787648
1.51716,0.000786695
1.51716,0.000785741
1.51716,0.000784787
1.51716,0.000783833
1.51716,0.000782879
1.51716,0.000781926
1.51716,0.000780972
1.51716,0.000780018
1.51717,0.000779064
1.51717,0.000778111
1.51717,0.000777157
1.51717,0.000776203
1.51717,0.000775249
1.51717,0.000774295
1.51717,0.000773342
1.51717,0.000772388
1.51717,0.000771434
1.51717,0.00077048
1.51718,0.000769526
1.51718,0.000768572
1.51718,0.000767619
1.51718,0.000766665
1.51718,0.000765711
1.51718,0.000764757
1.51718,0.000763803
1.51718,0.00076285
1.51718,0.000761896
1.51718,0.000760942
1.51719,0.000759988
1.51719,0.000759034
1.51719,0.00075808
1.51719,0.000757127
1.51719,0.000756173
1.51719,0.000755219
1.51719,0.000754265
1.51719,0.000753311
1.51719,0.000752357
1.51719,0.000751404
1.5172,0.00075045
1.5172,0.000749496
1.5172,0.000748542
1.5172,0.000747588
1.5172,0.000746634
1.5172,0.000745681
1.5172,0.000744727
1.5172,0.000743773
1.5172,0.000742819
1.5172,0.000741865
1.51721,0.000740911
1.51721,0.000739957
1.51721,0.000739004
1.51721,0.00073805
1.51721,0.000737096
1.51721,0.000736142
1.51721,0.000735188
1.51721,0.000734234
1.51721,0.00073328
1.51721,0.000732327
1.51722,0.000731373
1.51722,0.000730419
1.51722,0.000729465
1.51722,0.000728511
1.51722,0.000727557
1.51722,0.000726603
1.51722,0.00072565
1.51722,0.000724696
1.51722,0.000723742
1.51722,0.000722788
1.51723,0.000721834
1.51723,0.00072088
1.51723,0.000719926
1.51723,0.000718972
1.51723,0.000718018
1.51723,0.000717065
1.51723,0.000716111
1.51723,0.000715157
1.51723,0.000714203
1.51723,0.000713249
1.51724,0.000712295
1.51724,0.000711341
1.51724,0.000710387
1.51724,0.000709433
1.51724,0.000708479
1.51724,0.000707526
1.51724,0.000706572
1.51724,0.000705618
1.51724,0.000704664
1.51724,0.00070371
1.51725,0.000702756
1.51725,0.000701802
1.51725,0.000700848
1.51725,0.000699894
1.51725,0.00069894
1.51725,0.000697986
1.51725,0.000697033
1.51725,0.000696079
1.51725,0.000695125
1.51725,0.000694171
1.51726,0.000693217
1.51726,0.000692263
1.51726,0.000691309
1.51726,0.000690355
1.51726,0.000689401
1.51726,0.000688447
1.51726,0.000687493
1.51726,0.000686539
1.51726,0.000685585
1.51726,0.000684631
1.51727,0.000683678
1.51727,0.000682724
1.51727,0.00068177
1.51727,0.000680816
1.51727,0.000679862
1.51727,0.000678908
1.51727,0.000677954
1.51727,0.000677
1.51727,0.000676046
1.51727,0.000675092
1.51728,0.000674138
1.51728,0.000673184
1.51728,0.00067223
1.51728,0.000671276
1.51728,0.000670322
1.51728,0.000669368
1.51728,0.000668414
1.51728,0.00066746
1.51728,0.000666506
1.51728,0.000665552
1.51729,0.000664598
1.51729,0.000663644
1.51729,0.000662691
1.51729,0.000661737
1.51729,0.000660783
1.51729,0.000659829
1.51729,0.000658875
1.51729,0.000657921
1.51729,0.000656967
1.51729,0.000656013
1.5173,0.000655059
1.5173,0.000654105
1.5173,0.000653151
1.5173,0.000652197
1.5173,0.000651243
1.5173,0.000650289
1.5173,0.000649335
1.5173,0.000648381
1.5173,0.000647427
1.5173,0.000646473
1.51731,0.000645519
1.51731,0.000644565
1.51731,0.000643611
1.51731,0.000642657
1.51731,0.000641703
1.51731,0.000640749
1.51731,0.000639795
1.51731,0.000638841
1.51731,0.000637887
1.51731,0.000636933
1.51732,0.000635979
1.51732,0.000635025
1.51732,0.000634071
1.51732,0.000633117
1.51732,0.000632163
1.51732,0.000631209
1.51732,0.000630255
1.51732,0.000629301
1.51732,0.000628347
1.51732,0.000627393
1.51733,0.000626439
1.51733,0.000625484
1.51733,0.00062453
1.51733,0.000623576
1.51733,0.000622622
1.51733,0.000621668
1.51733,0.000620714
1.51733,0.00061976
1.51733,0.000618806
1.51733,0.000617852
1.51734,0.000616898
1.51734,0.000615944
1.51734,0.00061499
1.51734,0.000614036
1.51734,0.000613082
1.51734,0.000612128
1.51734,0.000611174
1.51734,0.00061022
1.51734,0.000609266
1.51734,0.000608312
1.51735,0.000607358
1.51735,0.000606404
1.51735,0.00060545
1.51735,0.000604496
1.51735,0.000603541
1.51735,0.000602587
1.51735,0.000601633
1.51735,0.000600679
1.51735,0.000599725
1.51735,0.000598771
1.51736,0.000597817
1.51736,0.000596863
1.51736,0.000595909
1.51736,0.000594955
1.51736,0.000594001
1.51736,0.000593047
1.51736,0.000592093
1.51736,0.000591139
1.51736,0.000590184
1.51736,0.00058923
1.51737,0.000588276
1.51737,0.000587322
1.51737,0.000586368
1.51737,0.000585414
1.51737,0.00058446
1.51737,0.000583506
1.51737,0.000582552
1.51737,0.000581598
1.51737,0.000580644
1.51737,0.000579689
1.51738,0.000578735
1.51738,0.000577781
1.51738,0.000576827
1.51738,0.000575873
1.51738,0.000574919
1.51738,0.000573965
1.51738,0.000573011
1.51738,0.000572057
1.51738,0.000571102
1.51738,0.000570148
1.51739,0.000569194
1.51739,0.00056824
1.51739,0.000567286
1.51739,0.000566332
1.51739,0.000565378
1.51739,0.000564424
1.51739,0.00056347
1.51739,0.000562515
1.51739,0.000561561
1.51739,0.000560607
1.5174,0.000559653
1.5174,0.000558699
1.5174,0.000557745
1.5174,0.000556791
1.5174,0.000555837
1.5174,0.000554882
1.5174,0.000553928
1.5174,0.000552974
1.5174,0.00055202
1.5174,0.000551066
1.51741,0.000550112
1.51741,0.000549158
1.51741,0.000548203
1.51741,0.000547249
1.51741,0.000546295
1.51741,0.000545341
1.51741,0.000544387
1.51741,0.000543433
1.51741,0.000542478
1.51741,0.000541524
1.51742,0.00054057
1.51742,0.000539616
1.51742,0.000538662
1.51742,0.000537708
1.51742,0.000536754
1.51742,0.000535799
1.51742,0.000534845
1.51742,0.000533891
1.51742,0.000532937
1.51742,0.000531983
1.51743,0.000531029
1.51743,0.000530074
1.51743,0.00052912
1.51743,0.000528166
1.51743,0.000527212
1.51743,0.000526258
1.51743,0.000525303
1.51743,0.000524349
1.51743,0.000523395
1.51743,0.000522441
1.51744,0.000521487
1.51744,0.000520533
1.51744,0.000519578
1.51744,0.000518624
1.51744,0.00051767
1.51744,0.000516716
1.51744,0.000515762
1.51744,0.000514807
1.51744,0.000513853
1.51744,0.000512899
1.51745,0.000511945
1.51745,0.000510991
1.51745,0.000510036
1.51745,0.000509082
1.51745,0.000508128
1.51745,0.000507174
1.51745,0.00050622
1.51745,0.000505265
1.51745,0.000504311
1.51745,0.000503357
1.51746,0.000502403
1.51746,0.000501448
1.51746,0.000500494
1.51746,0.00049954
1.51746,0.000498586
1.51746,0.000497632
1.51746,0.000496677
1.51746,0.000495723
1.51746,0.000494769
1.51746,0.000493815
1.51747,0.00049286
1.51747,0.000491906
1.51747,0.000490952
1.51747,0.000489998
1.51747,0.000489044
1.51747,0.000488089
1.51747,0.000487135
1.51747,0.000486181
1.51747,0.000485227
1.51747,0.000484272
1.51748,0.000483318
1.51748,0.000482364
1.51748,0.00048141
1.51748,0.000480455
1.51748,0.000479501
1.51748,0.000478547
1.51748,0.000477593
1.51748,0.000476638
1.51748,0.000475684
1.51748,0.00047473
1.51749,0.000473776
1.51749,0.000472821
1.51749,0.000471867
1.51749,0.000470913
1.51749,0.000469958
1.51749,0.000469004
1.51749,0.00046805
1.51749,0.000467096
1.51749,0.000466141
1.51749,0.000465187
1.5175,0.000464233
1.5175,0.000463279
1.5175,0.000462324
1.5175,0.00046137
1.5175,0.000460416
1.5175,0.000459461
1.5175,0.000458507
1.5175,0.000457553
1.5175,0.000456599
1.5175,0.000455644
1.51751,0.00045469
1.51751,0.000453736
1.51751,0.000452781
1.51751,0.000451827
1.51751,0.000450873
1.51751,0.000449919
1.51751,0.000448964
1.51751,0.00044801
1.51751,0.000447056
1.51751,0.000446101
1.51752,0.000445147
1.51752,0.000444193
1.51752,0.000443238
1.51752,0.000442284
1.51752,0.00044133
1.51752,0.000440376
1.51752,0.000439421
1.51752,0.000438467
1.51752,0.000437513
1.51752,0.000436558
1.51753,0.000435604
1.51753,0.00043465
1.51753,0.000433695
1.51753,0.000432741
1.51753,0.000431787
1.51753,0.000430832
1.51753,0.000429878
1.51753,0.000428924
1.51753,0.000427969
1.51753,0.000427015
1.51754,0.000426061
1.51754,0.000425106
1.51754,0.000424152
1.51754,0.000423198
1.51754,0.000422243
1.51754,0.000421289
1.51754,0.000420335
1.51754,0.00041938
1.51754,0.000418426
1.51754,0.000417472
1.51755,0.000416517
1.51755,0.000415563
1.51755,0.000414609
1.51755,0.000413654
1.51755,0.0004127
1.51755,0.000411746
1.51755,0.000410791
1.51755,0.000409837
1.51755,0.000408882
1.51755,0.000407928
1.51756,0.000406974
1.51756,0.000406019
1.51756,0.000405065
1.51756,0.000404111
1.51756,0.000403156
1.51756,0.000402202
1.51756,0.000401248
1.51756,0.000400293
1.51756,0.000399339
1.51756,0.000398384
1.51757,0.00039743
1.51757,0.000396476
1.51757,0.000395521
1.51757,0.000394567
1.51757,0.000393613
1.51757,0.000392658
1.51757,0.000391704
1.51757,0.000390749
1.51757,0.000389795
1.51757,0.000388841
1.51758,0.000387886
1.51758,0.000386932
1.51758,0.000385977
1.51758,0.000385023
1.51758,0.000384069
1.51758,0.000383114
1.51758,0.00038216
1.51758,0.000381205
1.51758,0.000380251
1.51758,0.000379297
1.51759,0.000378342
1.51759,0.000377388
1.51759,0.000376433
1.51759,0.000375479
1.51759,0.000374525
1.51759,0.00037357
1.51759,0.000372616
1.51759,0.000371661
1.51759,0.000370707
1.51759,0.000369753
1.5176,0.000368798
1.5176,0.000367844
1.5176,0.000366889
1.5176,0.000365935
1.5176,0.00036498
1.5176,0.000364026
1.5176,0.000363072
1.5176,0.000362117
1.5176,0.000361163
1.5176,0.000360208
1.51761,0.000359254
1.51761,0.000358299
1.51761,0.000357345
1.51761,0.000356391
1.51761,0.000355436
1.51761,0.000354482
1.51761,0.000353527
1.51761,0.000352573
1.51761,0.000351618
1.51761,0.000350664
1.51762,0.000349709
1.51762,0.000348755
1.51762,0.000347801
1.51762,0.000346846
1.51762,0.000345892
1.51762,0.000344937
1.51762,0.000343983
1.51762,0.000343028
1.51762,0.000342074
1.51762,0.000341119
1.51763,0.000340165
1.51763,0.00033921
1.51763,0.000338256
1.51763,0.000337301
1.51763,0.000336347
1.51763,0.000335393
1.51763,0.000334438
1.51763,0.000333484
1.51763,0.000332529
1.51763,0.000331575
1.51764,0.00033062
1.51764,0.000329666
1.51764,0.000328711
1.51764,0.000327757
1.51764,0.000326802
1.51764,0.000325848
1.51764,0.000324893
1.51764,0.000323939
1.51764,0.000322984
1.51764,0.00032203
1.51765,0.000321075
1.51765,0.000320121
1.51765,0.000319166
1.51765,0.000318212
1.51765,0.000317257
1.51765,0.000316303
1.51765,0.000315348
1.51765,0.000314394
1.51765,0.000313439
1.51765,0.000312485
1.51766,0.00031153
1.51766,0.000310576
1.51766,0.000309621
1.51766,0.000308667
1.51766,0.000307712
1.51766,0.000306758
1.51766,0.000305803
1.51766,0.000304849
1.51766,0.000303894
1.51766,0.00030294
1.51767,0.000301985
1.51767,0.000301031
1.51767,0.000300076
1.51767,0.000299122
1.51767,0.000298167
1.51767,0.000297212
1.51767,0.000296258
1.51767,0.000295303
1.51767,0.000294349
1.51767,0.000293394
1.51768,0.00029244
1.51768,0.000291485
1.51768,0.000290531
1.51768,0.000289576
1.51768,0.000288622
1.51768,0.000287667
1.51768,0.000286713
1.51768,0.000285758
1.51768,0.000284803
1.51768,0.000283849
1.51769,0.000282894
1.51769,0.00028194
1.51769,0.000280985
1.51769,0.000280031
1.51769,0.000279076
1.51769,0.000278122
1.51769,0.000277167
1.51769,0.000276212
1.51769,0.000275258
1.51769,0.000274303
1.5177,0.000273349
1.5177,0.000272394
1.5177,0.00027144
1.5177,0.000270485
1.5177,0.000269531
1.5177,0.000268576
1.5177,0.000267621
1.5177,0.000266667
1.5177,0.000265712
1.5177,0.000264758
1.51771,0.000263803
1.51771,0.000262848
1.51771,0.000261894
1.51771,0.000260939
1.51771,0.000259985
1.51771,0.00025903
1.51771,0.000258076
1.51771,0.000257121
1.51771,0.000256166
1.51771,0.000255212
1.51772,0.000254257
1.51772,0.000253303
1.51772,0.000252348
1.51772,0.000251393
1.51772,0.000250439
1.51772,0.000249484
1.51772,0.00024853
1.51772,0.000247575
1.51772,0.00024662
1.51772,0.000245666
1.51773,0.000244711
1.51773,0.000243757
1.51773,0.000242802
1.51773,0.000241847
1.51773,0.000240893
1.51773,0.000239938
1.51773,0.000238983
1.51773,0.000238029
1.51773,0.000237074
1.51773,0.00023612
1.51774,0.000235165
1.51774,0.00023421
1.51774,0.000233256
1.51774,0.000232301
1.51774,0.000231346
1.51774,0.000230392
1.51774,0.000229437
1.51774,0.000228483
1.51774,0.000227528
1.51774,0.000226573
1.51775,0.000225619
1.51775,0.000224664
1.51775,0.000223709
1.51775,0.000222755
1.51775,0.0002218
1.51775,0.000220845
1.51775,0.000219891
1.51775,0.000218936
1.51775,0.000217981
1.51775,0.000217027
1.51776,0.000216072
1.51776,0.000215118
1.51776,0.000214163
1.51776,0.000213208
1.51776,0.000212254
1.51776,0.000211299
1.51776,0.000210344
1.51776,0.00020939
1.51776,0.000208435
1.51776,0.00020748
1.51777,0.000206526
1.51777,0.000205571
1.51777,0.000204616
1.51777,0.000203662
1.51777,0.000202707
1.51777,0.000201752
1.51777,0.000200798
1.51777,0.000199843
1.51777,0.000198888
1.51777,0.000197934
1.51778,0.000196979
1.51778,0.000196024
1.51778,0.000195069
1.51778,0.000194115
1.51778,0.00019316
1.51778,0.000192205
1.51778,0.000191251
1.51778,0.000190296
1.51778,0.000189341
1.51778,0.000188387
1.51779,0.000187432
1.51779,0.000186477
1.51779,0.000185523
1.51779,0.000184568
1.51779,0.000183613
1.51779,0.000182658
1.51779,0.000181704
1.51779,0.000180749
1.51779,0.000179794
1.51779,0.00017884
1.5178,0.000177885
1.5178,0.00017693
1.5178,0.000175975
1.5178,0.000175021
1.5178,0.000174066
1.5178,0.000173111
1.5178,0.000172157
1.5178,0.000171202
1.5178,0.000170247
1.5178,0.000169292
1.51781,0.000168338
1.51781,0.000167383
1.51781,0.000166428
1.51781,0.000165473
1.51781,0.000164519
1.51781,0.000163564
1.51781,0.000162609
1.51781,0.000161655
1.51781,0.0001607
1.51781,0.000159745
1.51782,0.00015879
1.51782,0.000157836
1.51782,0.000156881
1.51782,0.000155926
1.51782,0.000154971
1.51782,0.000154017
1.51782,0.000153062
1.51782,0.000152107
1.51782,0.000151152
1.51782,0.000150198
1.51783,0.000149243
1.51783,0.000148288
1.51783,0.000147333
1.51783,0.000146379
1.51783,0.000145424
1.51783,0.000144469
1.51783,0.000143514
1.51783,0.00014256
1.51783,0.000141605
1.51783,0.00014065
1.51784,0.000139695
1.51784,0.00013874
1.51784,0.000137786
1.51784,0.000136831
1.51784,0.000135876
1.51784,0.000134921
1.51784,0.000133967
1.51784,0.000133012
1.51784,0.000132057
1.51784,0.000131102
1.51785,0.000130147
1.51785,0.000129193
1.51785,0.000128238
1.51785,0.000127283
1.51785,0.000126328
1.51785,0.000125373
1.51785,0.000124419
1.51785,0.000123464
1.51785,0.000122509
1.51785,0.000121554
1.51786,0.0001206
1.51786,0.000119645
1.51786,0.00011869
1.51786,0.000117735
1.51786,0.00011678
1.51786,0.000115825
1.51786,0.000114871
1.51786,0.000113916
1.51786,0.000112961
1.51786,0.000112006
1.51787,0.000111051
1.51787,0.000110097
1.51787,0.000109142
1.51787,0.000108187
1.51787,0.000107232
1.51787,0.000106277
1.51787,0.000105323
1.51787,0.000104368
1.51787,0.000103413
1.51787,0.000102458
1.51788,0.000101503
1.51788,0.000100548
1.51788,9.95936e-05
1.51788,9.86387e-05
1.51788,9.76839e-05
1.51788,9.67291e-05
1.51788,9.57742e-05
1.51788,9.48194e-05
1.51788,9.38645e-05
1.51788,9.29097e-05
1.51789,9.19549e-05
1.51789,9.1e-05
1.51789,9.00452e-05
1.51789,8.90903e-05
1.51789,8.81355e-05
1.51789,8.71806e-05
1.51789,8.62258e-05
1.51789,8.52709e-05
1.51789,8.43161e-05
1.51789,8.33612e-05
1.5179,8.24063e-05
1.5179,8.14515e-05
1.5179,8.04966e-05
1.5179,7.95418e-05
1.5179,7.85869e-05
1.5179,7.7632e-05
1.5179,7.66772e-05
1.5179,7.57223e-05
1.5179,7.47674e-05
1.5179,7.38126e-05
1.51791,7.28577e-05
1.51791,7.19028e-05
1.51791,7.09479e-05
1.51791,6.99931e-05
1.51791,6.90382e-05
1.51791,6.80833e-05
1.51791,6.71284e-05
1.51791,6.61735e-05
1.51791,6.52187e-05
1.51791,6.42638e-05
1.51792,6.33089e-05
1.51792,6.2354e-05
1.51792,6.13991e-05
1.51792,6.04442e-05
1.51792,5.94893e-05
1.51792,5.85344e-05
1.51792,5.75795e-05
1.51792,5.66246e-05
1.51792,5.56697e-05
1.51792,5.47148e-05
1.51793,5.37599e-05
1.51793,5.2805e-05
1.51793,5.18501e-05
1.51793,5.08952e-05
1.51793,4.99403e-05
1.51793,4.89854e-05
1.51793,4.80305e-05
1.51793,4.70756e-05
1.51793,4.61207e-05
1.51793,4.51658e-05
1.51794,4.42108e-05
1.51794,4.32559e-05
1.51794,4.2301e-05
1.51794,4.13461e-05
1.51794,4.03912e-05
1.51794,3.94362e-05
1.51794,3.84813e-05
1.51794,3.75264e-05
1.51794,3.65715e-05
1.51794,3.56165e-05
1.51795,3.46616e-05
1.51795,3.37067e-05
1.51795,3.27517e-05
1.51795,3.17968e-05
1.51795,3.08419e-05
1.51795,2.98869e-05
1.51795,2.8932e-05
1.51795,2.7977e-05
1.51795,2.70221e-05
1.51795,2.60672e-05
1.51796,2.51122e-05
1.51796,2.41573e-05
1.51796,2.32023e-05
1.51796,2.22474e-05
1.51796,2.12924e-05
1.51796,2.03375e-05
1.51796,1.93825e-05
1.51796,1.84276e-05
1.51796,1.74726e-05
1.51796,1.65176e-05
1.51797,1.55627e-05
1.51797,1.46077e-05
1.51797,1.36528e-05
1.51797,1.26978e-05
1.51797,1.17428e-05
1.51797,1.07879e-05
1.51797,9.83288e-06
1.51797,8.87791e-06
1.51797,7.92294e-06
1.51797,6.96797e-06
1.51798,6.01299e-06
1.51798,5.05802e-06
1.51798,4.10304e-06
1.51798,3.14806e-06
1.51798,2.19308e-06
1.51798,1.2381e-06
1.51798,2.83115e-07
1.51798,6.7187e-07
1.51798,1.62686e-06
1.51798,2.58184e-06
1.51799,3.53683e-06
1.51799,4.49182e-06
1.51799,5.44682e-06
1.51799,6.40181e-06
1.51799,7.35681e-06
1.51799,8.3118e-06
1.51799,9.2668e-06
1.51799,1.02218e-05
1.51799,1.11768e-05
1.51799,1.21318e-05
1.518,1.30868e-05
1.518,1.40418e-05
1.518,1.49968e-05
1.518,1.59518e-05
1.518,1.69068e-05
